"Story","Title","Result","Date","Stability","Duration (s)"
"Session creation test","Operations on sessions","SUCCESS","2023-10-20T15:11:57.052+05:30[Asia/Calcutta]","0.0","28.52"
